322,1
4294967279,75
4294967279,434
4294967278,2
4294967279,74
4294967279,71
4294967279,70
293,4
409,5
4294967279,279
404,2
4294967279,415
285,1
4294967279,69
4294967279,68
4294967278,416
4294967279,401
4294967278,363
322,4
73,2
4294967278,428
289,2
4294967278,329
401,2
4294967279,65
4294967279,63
4294967279,61
4294967279,59
4294967279,57
4294967279,55
4294967279,54
4294967279,52
4294967279,51
4294967279,50
4294967279,49
4294967279,48
4294967279,45
4294967279,42
4294967279,41
4294967279,40
4294967279,38
4294967279,37
4294967279,36
4294967279,35
4294967279,31
4294967279,29
4294967279,28
4294967279,27
4294967279,26
4294967279,25
4294967279,24
4294967279,22
4294967279,20
4294967279,18
4294967279,14
4294967278,218
178,2
314,2
303,6
303,2
4294967278,360
413,6
340,2
414,4
341,6
341,4
194,4
353,5
353,4
349,5
349,4
67,4
144,6
113,7
4294967279,260
4294967279,2
4294967278,328
376,7
340,6
315,1
315,8
315,0
315,2
4294967279,385
4294967279,88
184,2
289,5
289,6
289,4
168,4
196,6
175,6
175,4
4294967279,241
178,5
178,7
178,4
299,6
299,4
62,4
413,1
4294967279,239
4294967279,174
184,6
184,1
184,5
4294967278,317
367,1
367,6
367,4
376,1
368,5
368,4
401,9
401,1
401,8
364,6
364,5
364,4
83,6
365,7
4294967278,282
415,5
4294967278,351
376,6
376,4
340,1
303,1
401,7
351,5
351,4
4294967278,392
399,5
4294967279,16
4294967279,13
4294967279,12
4294967278,216
4294967278,0
408,4
407,4
407,5
397,7
404,7
115,6
379,4
403,6
4294967278,300
73,4
297,4
285,6
285,5
286,6
286,5
284,6
284,5
283,6
283,5
381,4
400,7
400,6
400,5
278,4
4294967294,82
4294967294,1441
4294967294,1445
4294967294,39
405,4
397,1
293,5
4294967294,1430
212,6
73,1
73,6
286,1
4294967294,1438
4294967294,494
4294967294,1454
4294967294,42
4294967294,1444
4294967294,497
279,5
4294967294,1426
37,5
405,1
397,8
397,6
4294967294,1446
4294967294,509
170,6
4294967294,1448
4294967294,1455
4294967294,5
4294967294,76
4294967294,1440
4294967294,52
4294967294,1451
4294967294,83
404,4
401,5
401,6
340,5
340,4
401,4
364,1
4294967278,406
170,4
170,1
312,5
404,1
314,4
314,6
399,4
413,5
413,4
154,4
184,4
365,4
365,5
83,4
357,5
357,4
355,5
355,4
359,4
303,4
303,5
404,8
404,6
404,5
4294967278,130
4294967278,128
4294967278,127
4294967278,126
4294967278,125
4294967278,289
4294967278,124
4294967278,123
4294967278,409
4294967278,122
4294967278,121
4294967278,120
4294967278,301
4294967278,119
4294967278,118
4294967278,117
4294967278,116
4294967278,115
4294967278,114
4294967278,113
4294967278,112
4294967278,111
4294967278,110
4294967278,109
4294967278,108
4294967278,107
4294967278,106
4294967278,105
4294967278,104
4294967278,103
4294967278,102
4294967278,101
4294967278,100
4294967278,99
4294967278,98
4294967278,95
4294967278,94
4294967278,93
4294967278,92
4294967278,91
4294967278,90
4294967278,89
4294967278,87
4294967278,86
4294967278,85
4294967278,84
4294967278,83
4294967278,82
4294967278,81
4294967278,80
4294967278,79
4294967278,78
4294967278,77
4294967278,76
4294967278,73
4294967278,71
4294967278,70
4294967278,69
4294967278,68
4294967278,67
4294967278,66
4294967278,65
4294967278,64
4294967278,345
4294967278,62
4294967278,59
4294967278,260
4294967278,346
4294967279,79
4294967279,62
4294967279,60
4294967279,396
4294967279,425
4294967279,423
4294967279,56
4294967279,501
4294967279,53
4294967279,47
4294967279,44
4294967279,43
4294967279,34
4294967279,33
4294967279,32
4294967279,23
4294967279,21
4294967279,17
4294967279,15
4294967279,0
4294967279,410
4294967279,10
4294967279,8
4294967294,506
315,4
315,6
196,4
399,1
2,4
137,1
315,7
315,5
4294967278,97
4294967278,402
4294967278,383
4294967278,96
4294967278,208
399,6
415,4
4294967294,1166
4294967294,511
4294967294,1453
137,4
3,1
3,8
4294967278,192
4294967279,193
4294967278,191
4294967294,81
4294967279,77
4294967294,473
4294967294,8
3,6
3,5
4294967278,189
4294967278,74
4294967294,1168
4294967278,187
4294967294,1245
4294967278,75
4294967278,188
4294967278,442
4294967294,6
4294967278,414
4294967279,189
4294967279,188
4294967279,73
4294967279,446
4294967279,72
4294967278,72
4294967278,347
4294967294,166
4294967294,24
4294967294,185
4294967294,104
4294967294,398
4294967294,180
4294967294,183
4294967294,182
4294967294,1248
4294967278,184
4294967279,184
4294967279,303
4294967278,182
279,7
4294967294,476
4294967279,404
4294967279,445
4294967279,67
